0,56,39,4,52,7,73,57,65,13,3,72,69,96,18,9,49,83,24,31,12,64,29,21,80,71,66,95,2,62,68,46,11,33,74,88,17,15,5,6,98,30,51,78,76,75,28,53,87,48,20,22,55,86,82,90,47,19,25,1,27,60,94,38,97,58,70,10,43,40,89,26,34,32,23,45,50,91,61,44,35,85,63,16,99,92,8,36,81,84,79,37,93,67,59,54,41,77,42,14

63  5 10 69 57
64 88 27 40 76
59 20 58 90  6
74 32 72 16 26
50 17  7 93 94

92 77 33 44 14
35 25 47 91  7
99  6 56 82 10
41 93 70  5 85
81 97 58 96 29

24 53  4  8 23
 0 13 48 47 83
55 56 72 50 52
82 33 58 16 11
91  7 89  9 81
